Panels = 4 
ixx = 68663732152.6
izz= 200103898925.0", 
iyy = 149080110232.0", 
Mass = 6525.486389342852", 

Panels = 3
ixx = 65631053268.6", 
iyy = 131342802084.0", 
izz = 180524050298.0", 
mass =  6277.425472843556",


ixx = 62604546461.4", 
iyy = 114665849844.0
izz = 161957734451.0
mass = 6035.239756344257